Product: Daily Cooling Degree Days
Regions: CPC::Regions::StatesCONUS
Weights: Population
Region|20170101|20170102|20170103|20170104|20170105|20170106|20170107|20170108|20170109|20170110|20170111|20170112|20170113|20170114|20170115|20170116|20170117|20170118|20170119|20170120|20170121|20170122|20170123|20170124|20170125|20170126|20170127|20170128|20170129|20170130|20170131|20170201|20170202|20170203|20170204|20170205|20170206|20170207|20170208|20170209|20170210|20170211|20170212|20170213|20170214|20170215|20170216|20170217|20170218|20170219|20170220|20170221|20170222|20170223|20170224|20170225|20170226|20170227|20170228|20170301|20170302|20170303|20170304|20170305|20170306|20170307|20170308|20170309|20170310|20170311|20170312|20170313|20170314|20170315|20170316|20170317|20170318|20170319|20170320|20170321|20170322|20170323|20170324|20170325|20170326|20170327|20170328|20170329|20170330|20170331|20170401|20170402|20170403|20170404|20170405|20170406|20170407|20170408|20170409|20170410|20170411|20170412|20170413|20170414|20170415|20170416|20170417|20170418|20170419|20170420|20170421|20170422|20170423|20170424|20170425|20170426|20170427|20170428|20170429|20170430|20170501|20170502|20170503|20170504|20170505|20170506|20170507|20170508|20170509|20170510|20170511|20170512|20170513|20170514|20170515|20170516|20170517|20170518|20170519|20170520|20170521|20170522|20170523|20170524|20170525|20170526|20170527|20170528|20170529|20170530|20170531|20170601|20170602|20170603|20170604|20170605|20170606|20170607|20170608|20170609|20170610|20170611|20170612|20170613|20170614|20170615|20170616|20170617|20170618|20170619|20170620|20170621|20170622|20170623|20170624|20170625
AL|0|1|0|0|0|0|0|0|0|0|0|0|0|0|0|0|1|1|1|1|1|0|0|0|0|0|0|0|0|0|0|0|0|0|0|0|0|0|1|0|0|0|3|0|0|0|0|0|0|0|0|0|0|0|1|0|0|0|0|4|0|0|0|0|0|0|0|0|0|0|0|0|0|0|0|0|0|0|0|5|2|0|2|3|2|5|5|6|5|1|1|2|2|4|5|0|0|0|0|0|1|4|4|5|5|5|6|7|7|8|8|6|1|0|0|3|6|8|12|11|3|1|2|0|0|0|0|1|4|7|7|6|6|4|7|9|10|12|14|14|9|7|7|4|1|5|9|11|10|9|10|9|11|12|12|11|11|9|6|6|9|12|14|13|14|15|11|12|14|13|11|10|12|15|15|11
AR|0|0|0|0|0|0|0|0|0|0|0|2|0|0|0|0|0|0|0|0|0|0|0|0|0|0|0|0|0|0|0|0|0|0|0|0|0|2|0|0|0|0|1|0|0|0|0|0|0|0|0|0|0|0|0|0|0|0|0|1|0|0|0|0|0|0|0|0|0|0|0|0|0|0|0|0|1|0|4|4|0|0|0|0|0|0|0|2|0|0|0|0|0|1|0|0|0|0|1|2|0|0|3|5|5|5|2|5|6|6|2|0|0|0|0|1|0|1|7|1|0|0|0|0|0|0|1|4|5|7|7|2|1|1|5|7|9|12|10|6|3|0|2|0|0|5|13|8|8|8|9|8|8|10|9|10|12|6|4|5|7|11|14|15|16|15|15|14|13|10|12|11|13|16|9|9
AZ|0|0|0|0|0|0|0|0|0|0|0|0|0|0|0|0|0|0|0|0|0|0|0|0|0|0|0|0|0|0|0|0|0|0|0|0|0|0|0|0|0|0|0|0|0|0|0|0|0|0|0|0|0|0|0|0|0|0|0|0|0|0|0|0|0|0|0|0|1|2|2|3|4|4|4|5|6|7|7|5|1|0|0|0|0|0|0|0|0|0|0|0|0|0|0|1|3|2|0|0|0|2|4|2|2|3|4|5|5|5|5|6|7|6|4|3|4|4|0|0|3|5|9|13|15|12|0|0|0|0|2|7|9|6|3|0|0|1|1|4|9|13|15|16|15|10|9|11|14|14|13|13|13|17|19|19|19|18|16|17|15|14|10|9|12|15|18|20|22|26|28|28|26|25|27|27
CA|0|0|0|0|0|0|0|0|0|0|0|0|0|0|0|0|0|0|0|0|0|0|0|0|0|0|0|0|0|0|0|0|0|0|0|0|0|0|0|0|0|0|0|0|0|0|0|0|0|0|0|0|0|0|0|0|0|0|0|0|0|0|0|0|0|0|0|0|0|0|0|1|1|1|0|0|0|0|0|0|0|0|0|0|0|0|0|0|0|0|0|0|0|0|0|0|0|0|0|0|0|0|0|0|0|0|0|0|0|0|1|2|0|0|0|0|0|0|0|1|2|4|6|6|1|0|0|0|0|0|0|0|0|0|0|0|0|0|1|5|6|6|7|4|0|0|0|1|1|2|0|0|3|5|5|4|3|2|1|1|0|0|0|0|2|5|9|10|13|14|14|13|12|11|11|12
CO|0|0|0|0|0|0|0|0|0|0|0|0|0|0|0|0|0|0|0|0|0|0|0|0|0|0|0|0|0|0|0|0|0|0|0|0|0|0|0|0|0|0|0|0|0|0|0|0|0|0|0|0|0|0|0|0|0|0|0|0|0|0|0|0|0|0|0|0|0|0|0|0|0|0|0|0|0|0|0|0|0|0|0|0|0|0|0|0|0|0|0|0|0|0|0|0|0|0|0|0|0|0|0|0|0|0|0|0|0|0|0|0|0|0|0|0|0|0|0|0|0|0|0|0|0|0|0|0|0|0|0|0|0|0|0|0|0|0|0|0|0|0|0|0|0|0|0|0|0|0|0|0|0|0|0|0|0|0|1|4|6|1|4|1|0|1|4|4|2|1|7|10|8|0|0|0
CT|0|0|0|0|0|0|0|0|0|0|0|0|0|0|0|0|0|0|0|0|0|0|0|0|0|0|0|0|0|0|0|0|0|0|0|0|0|0|0|0|0|0|0|0|0|0|0|0|0|0|0|0|0|0|0|0|0|0|0|0|0|0|0|0|0|0|0|0|0|0|0|0|0|0|0|0|0|0|0|0|0|0|0|0|0|0|0|0|0|0|0|0|0|0|0|0|0|0|0|0|0|0|0|0|0|0|0|0|0|0|0|0|0|0|0|0|0|3|5|0|0|0|0|0|0|0|0|0|0|0|0|0|0|0|0|0|4|11|11|0|0|0|0|0|0|0|0|0|0|0|0|0|0|0|0|0|0|0|0|0|2|9|13|13|9|0|0|2|7|10|10|6|4|9|12|5
DE|0|0|0|0|0|0|0|0|0|0|0|0|0|0|0|0|0|0|0|0|0|0|0|0|0|0|0|0|0|0|0|0|0|0|0|0|0|0|0|0|0|0|0|0|0|0|0|0|0|0|0|0|0|0|0|0|0|0|0|0|0|0|0|0|0|0|0|0|0|0|0|0|0|0|0|0|0|0|0|0|0|0|0|0|0|0|0|0|0|0|0|0|0|1|0|0|0|0|0|0|1|1|0|0|0|6|3|0|0|0|0|0|0|0|0|0|2|7|11|5|4|4|0|0|0|0|0|0|0|0|0|0|0|0|0|0|6|13|15|1|0|0|0|0|0|1|1|1|0|0|4|5|2|0|2|4|4|0|0|1|7|13|15|17|13|6|8|12|16|18|12|12|11|15|13|9
FL|2|7|9|7|1|1|3|0|0|0|1|2|3|4|4|4|4|4|4|5|6|9|3|1|0|3|1|0|0|0|0|0|0|1|1|2|2|4|6|7|1|1|1|3|3|6|2|0|1|6|3|3|3|3|6|6|3|6|8|9|7|3|2|2|2|3|5|4|5|5|5|4|2|0|0|0|0|1|0|0|5|5|4|6|6|6|6|8|8|9|8|10|12|12|12|10|1|0|2|4|5|6|7|7|8|8|8|9|10|9|8|9|10|8|5|6|12|15|15|15|15|13|10|12|8|4|4|7|8|10|12|12|12|12|13|14|15|15|16|17|14|15|15|15|11|10|13|15|16|17|17|16|14|13|13|13|13|12|12|13|14|15|16|16|15|14|14|15|16|15|16|18|18|17|18|18
GA|0|0|0|0|0|0|0|0|0|0|0|0|0|0|0|0|0|0|0|0|1|0|0|0|0|0|0|0|0|0|0|0|0|0|0|0|0|0|0|0|0|0|0|0|0|0|0|0|0|0|0|0|0|1|1|0|0|0|0|2|0|0|0|0|0|0|0|0|0|0|0|0|0|0|0|0|0|0|0|0|1|0|0|0|2|2|3|3|2|3|1|1|1|5|2|0|0|0|0|0|0|2|2|3|3|4|4|4|4|6|7|6|3|0|1|2|3|8|10|10|8|1|2|1|0|0|0|0|2|7|8|7|4|4|6|9|10|11|12|12|9|9|5|5|1|2|7|10|10|8|9|9|11|11|10|10|9|7|5|6|8|10|11|12|13|14|11|13|12|13|10|10|11|14|13|10
IA|0|0|0|0|0|0|0|0|0|0|0|0|0|0|0|0|0|0|0|0|0|0|0|0|0|0|0|0|0|0|0|0|0|0|0|0|0|0|0|0|0|0|0|0|0|0|0|0|0|0|0|0|0|0|0|0|0|0|0|0|0|0|0|0|0|0|0|0|0|0|0|0|0|0|0|0|0|0|0|0|0|0|0|0|0|0|0|0|0|0|0|0|0|0|0|0|0|0|0|0|0|0|0|0|0|0|0|0|0|0|0|0|0|0|0|0|0|0|0|0|0|0|0|0|0|0|0|1|0|0|0|0|0|3|7|9|5|0|0|0|0|0|0|0|0|0|0|0|0|0|0|0|5|11|13|6|3|2|5|9|12|16|16|16|11|12|11|8|3|3|5|6|10|4|0|0
ID|0|0|0|0|0|0|0|0|0|0|0|0|0|0|0|0|0|0|0|0|0|0|0|0|0|0|0|0|0|0|0|0|0|0|0|0|0|0|0|0|0|0|0|0|0|0|0|0|0|0|0|0|0|0|0|0|0|0|0|0|0|0|0|0|0|0|0|0|0|0|0|0|0|0|0|0|0|0|0|0|0|0|0|0|0|0|0|0|0|0|0|0|0|0|0|0|0|0|0|0|0|0|0|0|0|0|0|0|0|0|0|0|0|0|0|0|0|0|0|0|0|0|0|0|0|0|0|0|0|0|0|0|0|0|0|0|0|0|0|0|0|0|0|0|0|0|0|0|1|3|3|0|0|1|3|0|0|5|2|0|0|0|0|0|0|0|0|0|1|5|8|5|1|0|2|5
IL|0|0|0|0|0|0|0|0|0|0|0|0|0|0|0|0|0|0|0|0|0|0|0|0|0|0|0|0|0|0|0|0|0|0|0|0|0|0|0|0|0|0|0|0|0|0|0|0|0|0|0|0|0|0|0|0|0|0|0|0|0|0|0|0|0|0|0|0|0|0|0|0|0|0|0|0|0|0|0|0|0|0|0|0|0|0|0|0|0|0|0|0|0|0|0|0|0|0|0|0|0|0|0|0|1|0|0|0|1|1|0|0|0|0|0|0|0|0|0|0|0|0|0|0|0|0|0|0|1|1|0|0|0|1|2|7|9|8|1|0|0|0|0|0|0|1|1|2|2|1|1|1|4|7|13|6|2|0|1|8|10|14|17|16|15|13|11|12|8|5|5|4|10|10|2|0
IN|0|0|0|0|0|0|0|0|0|0|0|0|0|0|0|0|0|0|0|0|0|0|0|0|0|0|0|0|0|0|0|0|0|0|0|0|0|0|0|0|0|0|0|0|0|0|0|0|0|0|0|0|0|0|0|0|0|0|0|0|0|0|0|0|0|0|0|0|0|0|0|0|0|0|0|0|0|0|0|0|0|0|0|0|0|0|0|0|0|0|0|0|0|0|0|0|0|0|0|0|0|0|0|0|2|1|0|0|1|4|0|0|0|0|0|4|0|0|1|1|0|0|0|0|0|0|0|0|0|1|0|0|0|1|3|7|9|13|4|2|1|0|0|0|0|0|3|3|4|1|1|0|2|6|10|9|4|0|0|5|8|11|14|15|13|10|11|12|9|5|5|8|10|8|3|0
KS|0|0|0|0|0|0|0|0|0|0|0|0|0|0|0|0|0|0|0|0|0|0|0|0|0|0|0|0|0|0|0|0|0|0|0|0|0|0|0|0|0|0|0|0|0|0|0|0|0|0|0|0|0|0|0|0|0|0|0|0|0|0|0|0|1|0|0|0|0|0|0|0|0|0|0|0|0|1|2|0|0|0|0|0|0|0|0|0|0|0|0|0|0|0|0|0|0|0|3|0|0|0|0|3|6|0|0|1|5|0|0|0|0|0|0|0|0|0|0|0|0|0|0|0|0|0|2|5|6|4|0|0|0|4|10|9|5|2|0|0|0|0|0|0|0|3|5|4|3|3|5|6|7|7|9|11|9|6|4|8|12|15|16|17|15|15|14|15|8|8|13|15|15|10|4|3
KY|0|0|0|0|0|0|0|0|0|0|0|0|0|0|0|0|0|0|0|0|0|0|0|0|0|0|0|0|0|0|0|0|0|0|0|0|0|0|0|0|0|0|0|0|0|0|0|0|0|0|0|0|0|0|1|0|0|0|0|0|0|0|0|0|0|0|0|0|0|0|0|0|0|0|0|0|0|0|0|0|0|0|0|1|0|0|0|0|0|0|0|0|0|0|0|0|0|0|0|0|1|0|0|1|3|5|1|2|5|7|1|0|0|0|0|3|0|0|6|10|1|0|0|0|0|0|0|0|0|4|5|0|0|1|3|6|9|11|10|10|7|0|0|0|0|2|7|4|6|6|6|4|5|6|7|6|6|0|0|1|5|9|12|15|12|11|12|12|12|9|8|10|8|12|8|3
LA|0|2|0|0|0|0|0|0|0|0|2|4|2|0|0|3|4|3|2|2|3|0|0|0|0|0|0|0|0|0|0|0|0|0|0|0|1|5|5|0|0|2|7|1|0|0|0|0|0|1|3|0|0|0|2|0|0|0|7|9|0|0|0|0|1|5|0|2|4|1|0|0|0|0|0|0|2|4|5|6|6|6|6|5|5|7|9|9|3|2|4|4|6|6|6|0|0|0|0|3|4|6|5|5|6|8|8|8|8|9|9|8|0|0|1|6|5|8|14|8|2|4|1|0|0|0|3|5|6|7|9|9|6|6|8|9|12|14|15|15|11|5|9|4|4|9|15|16|10|8|12|11|12|13|13|12|11|13|9|8|11|13|14|14|16|17|17|15|18|16|13|12|15|17|16|14
MA|0|0|0|0|0|0|0|0|0|0|0|0|0|0|0|0|0|0|0|0|0|0|0|0|0|0|0|0|0|0|0|0|0|0|0|0|0|0|0|0|0|0|0|0|0|0|0|0|0|0|0|0|0|0|0|0|0|0|0|0|0|0|0|0|0|0|0|0|0|0|0|0|0|0|0|0|0|0|0|0|0|0|0|0|0|0|0|0|0|0|0|0|0|0|0|0|0|0|0|0|0|0|0|0|0|0|0|0|0|0|0|0|0|0|0|0|0|2|3|0|0|0|0|0|0|0|0|0|0|0|0|0|0|0|0|0|5|11|9|0|0|0|0|0|0|0|0|0|0|0|0|0|0|0|0|0|0|0|0|0|3|9|13|13|5|0|0|1|7|10|9|5|3|9|11|5
MD|0|0|0|0|0|0|0|0|0|0|0|0|0|0|0|0|0|0|0|0|0|0|0|0|0|0|0|0|0|0|0|0|0|0|0|0|0|0|0|0|0|0|0|0|0|0|0|0|0|0|0|0|0|0|0|0|0|0|0|0|0|0|0|0|0|0|0|0|0|0|0|0|0|0|0|0|0|0|0|0|0|0|0|0|0|0|0|0|0|0|0|0|0|0|0|0|0|0|0|0|1|1|0|0|0|6|3|0|0|0|3|0|0|0|0|0|2|6|12|9|6|4|0|0|0|0|0|0|0|0|0|0|0|0|0|0|8|13|14|3|0|0|0|0|0|1|0|1|4|0|5|5|3|2|5|5|6|0|0|2|9|13|15|17|15|10|10|13|16|17|12|12|13|14|14|11
ME|0|0|0|0|0|0|0|0|0|0|0|0|0|0|0|0|0|0|0|0|0|0|0|0|0|0|0|0|0|0|0|0|0|0|0|0|0|0|0|0|0|0|0|0|0|0|0|0|0|0|0|0|0|0|0|0|0|0|0|0|0|0|0|0|0|0|0|0|0|0|0|0|0|0|0|0|0|0|0|0|0|0|0|0|0|0|0|0|0|0|0|0|0|0|0|0|0|0|0|0|0|0|0|0|0|0|0|0|0|0|0|0|0|0|0|0|0|0|0|0|0|0|0|0|0|0|0|0|0|0|0|0|0|0|0|0|0|6|3|0|0|0|0|0|0|0|0|0|0|0|0|0|0|0|0|0|0|0|0|0|0|5|9|9|0|0|0|0|1|5|5|1|0|0|5|1
MI|0|0|0|0|0|0|0|0|0|0|0|0|0|0|0|0|0|0|0|0|0|0|0|0|0|0|0|0|0|0|0|0|0|0|0|0|0|0|0|0|0|0|0|0|0|0|0|0|0|0|0|0|0|0|0|0|0|0|0|0|0|0|0|0|0|0|0|0|0|0|0|0|0|0|0|0|0|0|0|0|0|0|0|0|0|0|0|0|0|0|0|0|0|0|0|0|0|0|0|0|0|0|0|0|0|0|0|0|0|0|0|0|0|0|0|1|0|0|0|0|0|0|0|0|0|0|0|0|0|0|0|0|0|0|0|1|7|9|0|0|0|0|0|0|0|0|0|1|1|0|0|0|0|0|6|0|0|0|0|1|6|12|14|12|10|9|8|9|9|3|1|0|6|6|2|0
MN|0|0|0|0|0|0|0|0|0|0|0|0|0|0|0|0|0|0|0|0|0|0|0|0|0|0|0|0|0|0|0|0|0|0|0|0|0|0|0|0|0|0|0|0|0|0|0|0|0|0|0|0|0|0|0|0|0|0|0|0|0|0|0|0|0|0|0|0|0|0|0|0|0|0|0|0|0|0|0|0|0|0|0|0|0|0|0|0|0|0|0|0|0|0|0|0|0|0|0|0|0|0|0|0|0|0|0|0|0|0|0|0|0|0|0|0|0|0|0|0|0|0|0|0|0|0|0|0|0|0|0|0|0|1|0|2|0|0|0|0|0|0|0|0|0|0|0|0|0|0|0|0|3|7|4|2|2|3|4|4|11|4|4|5|5|4|4|2|0|0|0|1|1|0|0|0
MO|0|0|0|0|0|0|0|0|0|0|0|0|0|0|0|0|0|0|0|0|0|0|0|0|0|0|0|0|0|0|0|0|0|0|0|0|0|0|0|0|0|0|0|0|0|0|0|0|0|0|0|0|0|0|0|0|0|0|0|0|0|0|0|0|0|0|0|0|0|0|0|0|0|0|0|0|0|0|1|0|0|0|0|0|0|0|0|0|0|0|0|0|0|0|0|0|0|0|0|2|0|0|0|3|6|2|0|0|4|2|0|0|0|0|0|0|0|0|0|0|0|0|0|0|0|0|0|1|5|7|2|0|0|2|7|8|8|8|2|1|0|0|0|0|0|2|5|4|4|2|2|4|7|9|10|12|6|2|2|5|8|12|14|16|16|13|12|12|9|7|10|12|12|12|3|2
MS|0|1|0|0|0|0|0|0|0|0|0|3|2|0|0|1|2|2|1|1|1|0|0|0|0|0|0|0|0|0|0|0|0|0|0|0|0|2|3|0|0|0|5|0|0|0|0|0|0|0|1|0|0|0|1|0|0|0|3|7|0|0|0|0|1|2|0|0|1|0|0|0|0|0|0|0|0|1|2|6|4|3|3|2|4|6|8|8|3|1|2|1|2|4|5|0|0|0|0|1|2|5|5|5|5|6|6|6|7|8|8|6|0|0|0|4|2|7|13|11|1|2|2|0|0|0|1|4|6|7|7|6|4|4|7|9|11|13|14|13|10|4|7|2|1|6|12|12|9|9|10|9|11|11|12|12|11|10|6|6|9|12|14|14|15|16|15|12|15|14|13|10|14|16|14|11
MT|0|0|0|0|0|0|0|0|0|0|0|0|0|0|0|0|0|0|0|0|0|0|0|0|0|0|0|0|0|0|0|0|0|0|0|0|0|0|0|0|0|0|0|0|0|0|0|0|0|0|0|0|0|0|0|0|0|0|0|0|0|0|0|0|0|0|0|0|0|0|0|0|0|0|0|0|0|0|0|0|0|0|0|0|0|0|0|0|0|0|0|0|0|0|0|0|0|0|0|0|0|0|0|0|0|0|0|0|0|0|0|0|0|0|0|0|0|0|0|0|0|0|0|0|0|0|0|0|0|0|0|0|0|0|0|0|0|0|0|0|0|0|0|0|0|0|0|0|0|0|0|1|0|0|2|0|0|0|3|1|0|0|0|0|0|0|0|0|0|0|3|2|0|0|0|0
NC|0|0|0|0|0|0|0|0|0|0|0|0|0|0|0|0|0|0|0|0|0|0|0|0|0|0|0|0|0|0|0|0|0|0|0|0|0|0|0|0|0|0|0|0|0|0|0|0|0|0|0|0|0|0|0|0|0|0|0|1|0|0|0|0|0|0|0|0|0|0|0|0|0|0|0|0|0|0|0|0|0|0|0|0|0|0|2|0|0|1|0|0|0|3|1|0|0|0|0|0|0|2|1|1|3|4|5|1|0|4|7|7|0|0|0|3|3|9|12|10|9|3|1|1|1|0|0|0|0|3|6|0|0|0|5|6|9|9|11|12|4|7|3|3|2|4|7|9|9|8|9|8|9|8|9|10|10|3|0|2|7|10|10|11|12|12|12|12|14|14|8|10|10|15|15|10
ND|0|0|0|0|0|0|0|0|0|0|0|0|0|0|0|0|0|0|0|0|0|0|0|0|0|0|0|0|0|0|0|0|0|0|0|0|0|0|0|0|0|0|0|0|0|0|0|0|0|0|0|0|0|0|0|0|0|0|0|0|0|0|0|0|0|0|0|0|0|0|0|0|0|0|0|0|0|0|0|0|0|0|0|0|0|0|0|0|0|0|0|0|0|0|0|0|0|0|0|0|0|0|0|0|0|0|0|0|0|0|0|0|0|0|0|0|0|0|0|0|0|0|0|0|0|0|1|0|0|0|0|0|0|0|0|0|0|0|0|0|0|0|0|0|0|0|0|0|0|0|0|1|8|5|3|5|3|1|2|8|5|4|0|0|1|1|1|0|0|0|0|3|0|0|0|0
NE|0|0|0|0|0|0|0|0|0|0|0|0|0|0|0|0|0|0|0|0|0|0|0|0|0|0|0|0|0|0|0|0|0|0|0|0|0|0|0|0|0|0|0|0|0|0|0|0|0|0|0|0|0|0|0|0|0|0|0|0|0|0|0|0|0|0|0|0|0|0|0|0|0|0|0|0|0|0|0|0|0|0|0|0|0|0|0|0|0|0|0|0|0|0|0|0|0|0|0|0|0|0|0|0|2|0|0|0|0|0|0|0|0|0|0|0|0|0|0|0|0|0|0|0|0|0|3|7|2|0|0|0|0|4|7|7|0|0|0|0|0|0|0|0|0|1|0|1|0|0|0|2|8|9|9|11|7|7|7|10|13|16|14|16|9|10|12|6|3|6|10|15|14|3|0|0
NH|0|0|0|0|0|0|0|0|0|0|0|0|0|0|0|0|0|0|0|0|0|0|0|0|0|0|0|0|0|0|0|0|0|0|0|0|0|0|0|0|0|0|0|0|0|0|0|0|0|0|0|0|0|0|0|0|0|0|0|0|0|0|0|0|0|0|0|0|0|0|0|0|0|0|0|0|0|0|0|0|0|0|0|0|0|0|0|0|0|0|0|0|0|0|0|0|0|0|0|0|0|0|0|0|0|0|0|0|0|0|0|0|0|0|0|0|0|1|0|0|0|0|0|0|0|0|0|0|0|0|0|0|0|0|0|0|5|10|7|0|0|0|0|0|0|0|0|0|0|0|0|0|0|0|0|0|0|0|0|0|1|9|13|12|0|0|0|0|7|11|8|2|1|7|10|3
NJ|0|0|0|0|0|0|0|0|0|0|0|0|0|0|0|0|0|0|0|0|0|0|0|0|0|0|0|0|0|0|0|0|0|0|0|0|0|0|0|0|0|0|0|0|0|0|0|0|0|0|0|0|0|0|0|0|0|0|0|0|0|0|0|0|0|0|0|0|0|0|0|0|0|0|0|0|0|0|0|0|0|0|0|0|0|0|0|0|0|0|0|0|0|0|0|0|0|0|0|0|0|0|0|0|0|2|0|0|0|0|0|0|0|0|0|0|0|5|7|0|0|1|0|0|0|0|0|0|0|0|0|0|0|0|0|0|5|11|14|0|0|0|0|0|0|0|0|0|0|0|1|2|0|0|0|1|0|0|0|0|5|11|14|15|11|3|2|6|12|14|11|8|8|10|12|7
NM|0|0|0|0|0|0|0|0|0|0|0|0|0|0|0|0|0|0|0|0|0|0|0|0|0|0|0|0|0|0|0|0|0|0|0|0|0|0|0|0|0|0|0|0|0|0|0|0|0|0|0|0|0|0|0|0|0|0|0|0|0|0|0|0|0|0|0|0|0|0|0|0|0|0|0|0|0|1|1|1|0|0|0|0|0|0|0|0|0|0|0|0|0|0|0|0|0|0|0|0|0|0|0|0|0|0|0|1|1|0|0|0|0|0|0|0|0|0|0|0|0|0|0|0|1|3|2|1|0|0|0|0|2|3|2|0|0|0|0|0|0|1|1|1|6|5|3|1|3|2|2|2|2|4|7|9|8|8|8|9|11|9|8|7|6|9|11|13|12|13|15|17|17|14|10|9
NV|0|0|0|0|0|0|0|0|0|0|0|0|0|0|0|0|0|0|0|0|0|0|0|0|0|0|0|0|0|0|0|0|0|0|0|0|0|0|0|0|0|0|0|0|0|0|0|0|0|0|0|0|0|0|0|0|0|0|0|0|0|0|0|0|0|0|0|0|0|0|1|1|2|1|2|3|3|4|4|3|0|0|0|0|0|0|0|0|0|0|0|0|0|0|0|0|1|0|0|0|0|0|1|0|0|2|2|4|0|1|1|2|4|2|0|1|2|0|0|0|2|6|7|10|10|7|0|0|0|0|3|7|3|2|0|0|0|0|0|2|7|10|12|13|11|8|7|9|11|12|10|9|10|13|14|15|15|14|13|12|10|7|1|4|8|13|16|18|22|23|24|23|22|22|23|24
NY|0|0|0|0|0|0|0|0|0|0|0|0|0|0|0|0|0|0|0|0|0|0|0|0|0|0|0|0|0|0|0|0|0|0|0|0|0|0|0|0|0|0|0|0|0|0|0|0|0|0|0|0|0|0|0|0|0|0|0|0|0|0|0|0|0|0|0|0|0|0|0|0|0|0|0|0|0|0|0|0|0|0|0|0|0|0|0|0|0|0|0|0|0|0|0|0|0|0|0|0|0|0|0|0|0|0|0|0|0|0|0|0|0|0|0|0|0|2|2|0|0|0|0|0|0|0|0|0|0|0|0|0|0|0|0|0|3|9|7|0|0|0|0|0|0|0|0|0|0|0|0|0|0|0|0|0|0|0|0|0|3|9|12|12|6|0|1|4|10|9|6|5|3|7|9|3
OH|0|0|0|0|0|0|0|0|0|0|0|0|0|0|0|0|0|0|0|0|0|0|0|0|0|0|0|0|0|0|0|0|0|0|0|0|0|0|0|0|0|0|0|0|0|0|0|0|0|0|0|0|0|0|0|0|0|0|0|0|0|0|0|0|0|0|0|0|0|0|0|0|0|0|0|0|0|0|0|0|0|0|0|0|0|0|0|0|0|0|0|0|0|0|0|0|0|0|0|0|0|0|0|0|1|4|0|0|1|3|0|0|0|0|0|2|2|0|0|3|1|0|0|0|0|0|0|0|0|0|0|0|0|0|0|3|7|11|4|1|2|0|0|0|0|0|3|3|4|3|1|0|0|3|7|5|1|0|0|1|7|11|13|14|9|10|13|13|13|7|4|5|9|7|5|0
OK|0|0|0|0|0|0|0|0|0|0|0|0|0|0|0|0|0|0|0|0|0|0|0|0|0|0|0|0|0|0|0|0|0|0|0|0|0|0|0|0|0|2|0|0|0|0|0|0|0|0|0|0|0|1|0|0|0|0|0|0|0|0|0|0|2|0|0|0|0|0|0|0|0|0|0|0|2|6|10|5|0|3|2|0|0|0|0|0|0|0|0|0|0|0|0|0|0|1|5|2|0|0|1|4|7|5|1|2|4|4|0|0|0|0|2|0|0|0|1|0|0|0|0|0|0|1|3|4|6|5|5|1|0|4|9|8|8|10|4|1|0|0|0|0|3|9|15|8|7|7|9|9|6|8|9|12|13|8|5|7|12|14|16|17|18|18|16|17|11|9|12|13|13|15|9|10
OR|0|0|0|0|0|0|0|0|0|0|0|0|0|0|0|0|0|0|0|0|0|0|0|0|0|0|0|0|0|0|0|0|0|0|0|0|0|0|0|0|0|0|0|0|0|0|0|0|0|0|0|0|0|0|0|0|0|0|0|0|0|0|0|0|0|0|0|0|0|0|0|0|0|0|0|0|0|0|0|0|0|0|0|0|0|0|0|0|0|0|0|0|0|0|0|0|0|0|0|0|0|0|0|0|0|0|0|0|0|0|0|0|0|0|0|0|0|0|0|0|0|0|0|2|0|0|0|0|0|0|0|0|0|0|0|0|0|0|0|0|0|3|4|0|0|0|1|0|0|0|0|0|0|0|0|0|0|0|0|0|0|0|0|0|0|0|0|0|0|4|2|0|0|3|9|9
PA|0|0|0|0|0|0|0|0|0|0|0|0|0|0|0|0|0|0|0|0|0|0|0|0|0|0|0|0|0|0|0|0|0|0|0|0|0|0|0|0|0|0|0|0|0|0|0|0|0|0|0|0|0|0|0|0|0|0|0|0|0|0|0|0|0|0|0|0|0|0|0|0|0|0|0|0|0|0|0|0|0|0|0|0|0|0|0|0|0|0|0|0|0|0|0|0|0|0|0|0|0|0|0|0|0|1|0|0|0|0|0|0|0|0|0|0|1|3|4|2|2|0|0|0|0|0|0|0|0|0|0|0|0|0|0|0|4|10|10|0|0|0|0|0|0|0|0|0|1|1|2|1|0|0|0|0|0|0|0|0|5|9|11|13|11|8|6|8|13|12|6|5|7|9|10|4
RI|0|0|0|0|0|0|0|0|0|0|0|0|0|0|0|0|0|0|0|0|0|0|0|0|0|0|0|0|0|0|0|0|0|0|0|0|0|0|0|0|0|0|0|0|0|0|0|0|0|0|0|0|0|0|0|0|0|0|0|0|0|0|0|0|0|0|0|0|0|0|0|0|0|0|0|0|0|0|0|0|0|0|0|0|0|0|0|0|0|0|0|0|0|0|0|0|0|0|0|0|0|0|0|0|0|0|0|0|0|0|0|0|0|0|0|0|0|0|3|0|0|0|0|0|0|0|0|0|0|0|0|0|0|0|0|0|4|10|10|0|0|0|0|0|0|0|0|0|0|0|0|0|0|0|0|0|0|0|0|0|3|7|13|14|7|0|0|2|5|7|9|7|5|9|12|7
SC|0|0|0|0|0|0|0|0|0|0|0|0|0|0|0|0|0|1|0|0|0|0|0|0|0|0|0|0|0|0|0|0|0|0|0|0|0|0|0|0|0|0|0|0|0|0|0|0|0|0|0|0|0|0|0|0|0|0|0|3|0|0|0|0|0|0|0|0|0|0|0|0|0|0|0|0|0|0|0|0|0|0|0|0|0|2|5|3|2|4|0|0|1|5|2|0|0|0|0|0|0|1|3|3|4|4|5|3|4|6|8|9|3|1|0|4|4|10|12|11|10|3|3|3|1|0|0|0|2|8|10|6|2|4|8|10|10|10|11|12|10|11|5|6|2|4|9|11|12|11|11|10|13|12|12|13|11|5|4|6|10|10|10|12|13|16|13|14|15|15|11|11|12|16|16|14
SD|0|0|0|0|0|0|0|0|0|0|0|0|0|0|0|0|0|0|0|0|0|0|0|0|0|0|0|0|0|0|0|0|0|0|0|0|0|0|0|0|0|0|0|0|0|0|0|0|0|0|0|0|0|0|0|0|0|0|0|0|0|0|0|0|0|0|0|0|0|0|0|0|0|0|0|0|0|0|0|0|0|0|0|0|0|0|0|0|0|0|0|0|0|0|0|0|0|0|0|0|0|0|0|0|0|0|0|0|0|0|0|0|0|0|0|0|0|0|0|0|0|0|0|0|0|0|1|1|0|0|0|0|1|2|1|2|0|0|0|0|0|0|0|0|0|0|0|0|0|0|0|0|8|6|6|7|5|6|7|11|11|8|6|8|5|4|5|1|0|1|3|7|3|0|0|0
TN|0|0|0|0|0|0|0|0|0|0|0|0|0|0|0|0|0|0|0|0|0|0|0|0|0|0|0|0|0|0|0|0|0|0|0|0|0|0|0|0|0|0|0|0|0|0|0|0|0|0|0|0|0|0|0|0|0|0|0|0|0|0|0|0|0|0|0|0|0|0|0|0|0|0|0|0|0|0|0|0|0|0|0|0|0|0|0|1|0|0|0|0|0|0|1|0|0|0|0|0|0|0|1|2|3|5|2|2|5|5|3|0|0|0|0|1|0|1|8|8|1|0|0|0|0|0|0|0|2|5|6|2|1|1|3|5|7|10|11|11|6|2|2|0|0|2|6|4|5|7|6|6|7|8|7|6|8|1|0|1|4|9|11|13|12|11|10|11|11|10|8|8|8|12|9|5
TX|1|2|0|0|0|0|0|0|0|0|2|3|3|2|2|2|2|0|0|0|2|0|0|0|1|0|0|0|0|0|0|0|0|0|0|1|4|7|4|0|0|7|5|3|1|0|0|0|2|4|1|1|1|3|3|0|0|3|7|5|0|0|0|1|5|5|1|3|3|1|0|0|0|0|1|5|5|7|9|7|6|7|6|4|5|5|7|6|1|3|3|5|3|5|1|0|0|2|6|7|5|3|6|6|7|8|7|5|8|9|10|5|0|0|5|9|2|8|12|2|2|5|8|1|1|3|5|6|7|10|11|8|6|9|10|11|12|15|14|11|8|6|6|4|9|14|18|15|10|11|12|11|12|12|12|12|14|14|13|12|14|15|16|17|19|19|19|20|19|17|18|17|17|21|14|14
UT|0|0|0|0|0|0|0|0|0|0|0|0|0|0|0|0|0|0|0|0|0|0|0|0|0|0|0|0|0|0|0|0|0|0|0|0|0|0|0|0|0|0|0|0|0|0|0|0|0|0|0|0|0|0|0|0|0|0|0|0|0|0|0|0|0|0|0|0|0|0|0|0|0|0|0|0|0|0|0|0|0|0|0|0|0|0|0|0|0|0|0|0|0|0|0|0|0|0|0|0|0|0|0|0|0|0|0|0|0|0|0|0|0|0|0|0|0|0|0|0|0|0|0|0|0|1|0|0|0|0|0|1|0|0|0|0|0|0|0|0|0|0|0|1|0|0|0|0|0|1|3|3|1|2|6|4|6|8|7|5|1|2|0|0|0|1|4|4|3|7|12|12|8|3|4|6
VA|0|0|0|0|0|0|0|0|0|0|0|0|0|0|0|0|0|0|0|0|0|0|0|0|0|0|0|0|0|0|0|0|0|0|0|0|0|0|0|0|0|0|0|0|0|0|0|0|0|0|0|0|0|0|0|0|0|0|0|1|0|0|0|0|0|0|0|0|0|0|0|0|0|0|0|0|0|0|0|0|0|0|0|0|0|0|0|0|0|0|0|0|0|1|0|0|0|0|0|0|2|2|0|0|1|5|4|0|0|2|6|1|0|0|0|1|3|6|11|11|8|3|0|0|1|0|0|0|0|0|0|0|0|0|1|0|8|11|13|6|0|2|0|0|1|2|3|2|7|5|6|5|3|4|6|4|6|0|0|1|6|10|12|13|13|10|10|11|14|14|9|10|12|14|14|9
VT|0|0|0|0|0|0|0|0|0|0|0|0|0|0|0|0|0|0|0|0|0|0|0|0|0|0|0|0|0|0|0|0|0|0|0|0|0|0|0|0|0|0|0|0|0|0|0|0|0|0|0|0|0|0|0|0|0|0|0|0|0|0|0|0|0|0|0|0|0|0|0|0|0|0|0|0|0|0|0|0|0|0|0|0|0|0|0|0|0|0|0|0|0|0|0|0|0|0|0|0|0|0|0|0|0|0|0|0|0|0|0|0|0|0|0|0|0|1|0|0|0|0|0|0|0|0|0|0|0|0|0|0|0|0|0|0|3|8|2|0|0|0|0|0|0|0|0|0|0|0|0|0|0|0|0|0|0|0|0|0|0|8|11|9|0|0|0|3|9|9|5|0|0|6|7|0
WA|0|0|0|0|0|0|0|0|0|0|0|0|0|0|0|0|0|0|0|0|0|0|0|0|0|0|0|0|0|0|0|0|0|0|0|0|0|0|0|0|0|0|0|0|0|0|0|0|0|0|0|0|0|0|0|0|0|0|0|0|0|0|0|0|0|0|0|0|0|0|0|0|0|0|0|0|0|0|0|0|0|0|0|0|0|0|0|0|0|0|0|0|0|0|0|0|0|0|0|0|0|0|0|0|0|0|0|0|0|0|0|0|0|0|0|0|0|0|0|0|0|0|0|0|0|0|0|0|0|0|0|0|0|0|0|0|0|0|0|0|0|0|1|0|0|0|0|2|1|1|0|0|0|0|0|0|0|1|0|0|0|0|0|0|0|0|0|0|0|1|1|0|0|0|3|8
WI|0|0|0|0|0|0|0|0|0|0|0|0|0|0|0|0|0|0|0|0|0|0|0|0|0|0|0|0|0|0|0|0|0|0|0|0|0|0|0|0|0|0|0|0|0|0|0|0|0|0|0|0|0|0|0|0|0|0|0|0|0|0|0|0|0|0|0|0|0|0|0|0|0|0|0|0|0|0|0|0|0|0|0|0|0|0|0|0|0|0|0|0|0|0|0|0|0|0|0|0|0|0|0|0|0|0|0|0|0|0|0|0|0|0|0|0|0|0|0|0|0|0|0|0|0|0|0|0|0|0|0|0|0|0|0|3|4|0|0|0|0|0|0|0|0|0|0|0|0|0|0|0|0|5|8|1|0|0|1|3|9|12|14|8|9|10|9|7|4|1|0|0|3|4|0|0
WV|0|0|0|0|0|0|0|0|0|0|0|0|0|0|0|0|0|0|0|0|0|0|0|0|0|0|0|0|0|0|0|0|0|0|0|0|0|0|0|0|0|0|0|0|0|0|0|0|0|0|0|0|0|0|0|0|0|0|0|0|0|0|0|0|0|0|0|0|0|0|0|0|0|0|0|0|0|0|0|0|0|0|0|0|0|0|0|0|0|0|0|0|0|0|0|0|0|0|0|0|0|0|0|0|0|0|0|0|0|2|1|0|0|0|0|1|0|1|3|9|6|0|0|0|0|0|0|0|0|0|0|0|0|0|0|1|5|7|6|7|2|0|0|0|0|0|2|3|4|3|1|1|0|1|3|1|0|0|0|0|3|6|8|8|10|10|9|10|12|8|4|6|7|9|7|3
WY|0|0|0|0|0|0|0|0|0|0|0|0|0|0|0|0|0|0|0|0|0|0|0|0|0|0|0|0|0|0|0|0|0|0|0|0|0|0|0|0|0|0|0|0|0|0|0|0|0|0|0|0|0|0|0|0|0|0|0|0|0|0|0|0|0|0|0|0|0|0|0|0|0|0|0|0|0|0|0|0|0|0|0|0|0|0|0|0|0|0|0|0|0|0|0|0|0|0|0|0|0|0|0|0|0|0|0|0|0|0|0|0|0|0|0|0|0|0|0|0|0|0|0|0|0|0|0|0|0|0|0|0|0|0|0|0|0|0|0|0|0|0|0|0|0|0|0|0|0|0|0|0|0|0|1|1|0|1|3|3|1|0|1|0|0|0|0|0|0|0|4|6|1|0|0|0
