Product: Daily Heating Degree Days
Regions: CPC::Regions::StatesCONUS
Weights: Population
Region|20170101|20170102|20170103|20170104|20170105|20170106|20170107|20170108|20170109|20170110|20170111|20170112|20170113|20170114|20170115|20170116|20170117|20170118|20170119|20170120|20170121|20170122|20170123|20170124|20170125|20170126|20170127|20170128|20170129|20170130|20170131|20170201|20170202|20170203|20170204|20170205|20170206|20170207|20170208|20170209|20170210|20170211|20170212|20170213|20170214|20170215|20170216|20170217|20170218|20170219|20170220|20170221|20170222|20170223|20170224|20170225|20170226|20170227|20170228|20170301|20170302|20170303|20170304|20170305|20170306|20170307|20170308|20170309|20170310|20170311|20170312|20170313|20170314|20170315|20170316|20170317|20170318|20170319|20170320|20170321|20170322|20170323|20170324|20170325|20170326|20170327|20170328|20170329|20170330|20170331|20170401|20170402|20170403|20170404|20170405|20170406|20170407|20170408|20170409|20170410|20170411|20170412|20170413|20170414|20170415|20170416|20170417|20170418|20170419|20170420|20170421|20170422|20170423|20170424|20170425|20170426|20170427|20170428|20170429|20170430|20170501|20170502|20170503|20170504|20170505|20170506|20170507|20170508|20170509|20170510|20170511|20170512|20170513|20170514|20170515|20170516|20170517|20170518|20170519|20170520|20170521|20170522|20170523|20170524|20170525|20170526|20170527|20170528|20170529|20170530|20170531|20170601|20170602|20170603|20170604|20170605|20170606|20170607|20170608|20170609|20170610|20170611|20170612|20170613|20170614|20170615|20170616|20170617|20170618|20170619|20170620|20170621|20170622|20170623|20170624|20170625
AL|11|4|4|14|23|29|39|39|30|18|6|0|1|3|4|3|1|3|4|1|3|4|8|14|10|13|25|23|22|20|11|8|12|17|23|19|9|6|2|17|15|7|0|9|12|12|18|15|10|4|4|6|2|1|0|6|17|13|4|0|13|18|15|13|3|3|7|7|5|16|18|22|22|27|25|13|4|9|2|0|3|4|0|0|0|0|0|0|0|2|2|0|1|0|0|8|11|10|5|2|0|0|0|0|0|0|0|0|0|0|0|0|3|4|1|0|0|0|0|0|0|1|0|2|10|5|3|1|0|0|0|0|0|0|0|0|0|0|0|0|0|0|0|0|1|0|0|0|0|0|0|0|0|0|0|0|0|0|0|0|0|0|0|0|0|0|0|0|0|0|0|0|0|0|0|0
AR|21|15|13|31|34|43|44|42|29|14|5|2|19|21|19|10|17|20|15|8|7|12|18|15|14|26|27|25|21|16|12|12|22|25|31|20|9|0|8|26|15|1|2|16|20|18|18|14|11|5|2|5|3|1|5|24|22|15|2|5|18|18|13|13|4|8|12|8|11|21|24|24|26|28|20|8|2|3|0|0|8|2|1|4|5|3|2|1|6|7|6|4|1|0|8|11|11|5|0|0|2|1|0|0|0|0|0|0|0|0|2|9|6|5|1|1|9|2|0|2|7|3|4|9|5|2|0|0|0|0|0|0|0|0|0|0|0|0|0|0|1|1|0|4|1|0|0|0|0|0|0|0|0|0|0|0|0|0|0|0|0|0|0|0|0|0|0|0|0|0|0|0|0|0|0|0
AZ|16|19|18|15|14|14|17|12|11|11|12|13|12|11|16|16|17|17|20|20|18|20|17|21|25|25|24|20|16|11|12|12|12|11|10|10|12|9|6|3|1|3|6|8|9|9|10|10|11|16|12|8|7|14|19|18|17|16|14|15|12|9|7|8|13|11|6|2|1|1|1|1|0|0|0|0|0|0|0|0|1|10|8|6|6|5|7|3|2|9|11|7|4|6|4|1|1|1|4|4|1|1|0|1|1|1|1|0|0|0|1|0|0|0|1|1|0|1|5|2|1|0|0|0|0|0|2|2|7|6|1|0|0|0|1|4|2|2|2|1|0|0|0|0|0|0|0|0|0|0|0|0|0|0|0|0|0|0|0|0|0|0|0|0|0|0|0|0|0|0|0|0|0|0|0|0
CA|21|22|19|17|16|20|18|10|13|15|15|18|20|17|18|17|18|19|18|19|19|19|20|22|22|22|20|15|12|10|10|13|14|13|12|15|14|11|7|6|9|14|13|11|9|8|11|14|15|17|14|11|16|21|22|21|21|20|18|16|11|9|13|18|21|16|10|5|4|3|2|2|1|2|3|3|4|4|7|8|11|13|13|11|11|11|9|5|8|10|7|5|7|6|3|5|8|12|13|10|9|7|10|12|9|8|7|5|5|6|2|3|4|8|7|5|4|5|3|2|0|0|0|0|1|10|12|7|4|6|3|6|8|10|11|11|9|4|0|0|0|0|0|0|5|5|3|1|0|1|2|0|0|0|0|0|0|0|2|2|4|7|7|2|0|0|0|0|0|0|0|0|0|0|0|0
CO|37|37|46|49|56|61|57|41|26|27|27|38|38|35|38|36|36|34|33|34|37|34|30|39|46|48|46|40|31|27|26|35|42|42|29|26|24|23|26|20|13|17|30|30|31|27|21|23|21|21|21|17|19|33|45|45|42|34|37|38|35|28|23|19|24|33|23|18|24|25|22|27|19|14|12|14|11|8|10|16|14|11|22|22|22|21|24|22|19|25|29|22|23|30|29|22|13|8|18|23|20|14|11|9|13|15|11|11|10|18|24|22|14|13|19|24|22|27|34|26|20|20|20|15|9|4|4|8|11|15|14|9|4|6|5|9|13|24|27|21|17|15|17|8|6|9|13|12|11|8|5|4|4|5|2|1|2|1|1|0|0|0|0|5|2|0|0|0|0|0|0|0|0|6|4|3
CT|29|34|29|22|36|38|45|50|53|42|29|17|20|40|36|37|33|29|26|28|21|21|27|29|26|23|26|30|30|37|43|34|34|40|41|35|31|32|22|33|46|37|37|35|38|33|35|34|28|21|25|32|24|18|12|9|27|27|22|15|16|34|45|44|38|28|17|19|31|47|46|43|39|43|38|33|36|30|26|23|31|38|32|23|29|26|25|19|26|29|27|18|19|23|18|20|20|21|18|10|3|6|15|16|16|1|2|14|21|12|16|16|13|14|15|10|6|0|0|8|9|3|8|16|13|7|11|18|19|16|15|13|15|13|10|3|0|0|0|3|9|12|5|4|10|7|5|3|11|9|3|0|6|8|7|7|12|5|6|2|0|0|0|0|0|2|2|0|0|0|0|0|0|0|0|0
DE|21|25|20|16|34|34|42|47|49|39|23|9|11|31|29|32|26|18|20|27|21|19|20|24|18|15|25|28|29|31|30|26|25|34|36|28|23|14|6|25|37|23|22|26|30|25|30|30|19|7|16|23|17|7|4|3|25|24|13|4|15|29|36|38|30|14|11|8|21|37|36|35|31|39|34|29|22|23|23|17|20|32|23|4|20|9|9|11|22|18|18|15|12|1|5|9|17|17|15|6|0|0|8|9|7|0|0|7|12|1|3|10|12|13|10|6|0|0|0|0|0|0|4|11|4|4|12|14|12|8|10|11|12|5|4|3|0|0|0|0|6|4|4|3|1|0|1|0|2|5|0|0|0|1|0|0|0|5|6|0|0|0|0|0|0|0|0|0|0|0|0|0|0|0|0|0
FL|1|0|0|1|2|1|3|18|13|7|2|0|0|0|0|0|0|0|0|0|0|0|1|2|2|0|3|10|12|10|8|5|2|1|2|2|1|0|0|0|4|1|0|0|0|0|3|5|2|0|0|0|0|0|0|0|2|0|0|0|0|2|3|1|0|0|0|0|0|1|1|2|3|11|13|8|3|0|3|0|0|0|0|0|0|0|0|0|0|0|0|0|0|0|0|0|2|3|1|0|0|0|0|0|0|0|0|0|0|0|0|0|0|0|0|0|0|0|0|0|0|0|0|0|0|0|0|0|0|0|0|0|0|0|0|0|0|0|0|0|0|0|0|0|0|0|0|0|0|0|0|0|0|0|0|0|0|0|0|0|0|0|0|0|0|0|0|0|0|0|0|0|0|0|0|0
GA|18|10|6|13|21|25|33|37|33|23|14|6|5|5|5|7|4|2|5|2|5|6|12|12|11|11|23|24|23|21|13|11|10|13|25|22|14|10|7|15|20|13|2|9|12|12|18|14|15|7|7|7|4|2|1|5|17|15|7|1|12|19|18|15|8|5|6|9|7|16|20|25|23|30|26|19|10|11|10|2|3|9|4|1|0|0|0|0|0|1|2|2|2|0|3|9|11|11|8|4|1|0|0|0|0|0|0|0|0|0|0|0|2|5|0|0|0|0|0|0|0|1|0|2|9|6|6|3|0|0|0|0|0|0|0|0|0|0|0|0|0|0|0|0|2|0|0|0|0|0|0|0|0|0|0|0|0|0|0|0|0|0|0|0|0|0|0|0|0|0|0|0|0|0|0|0
IA|39|37|36|58|59|63|58|55|46|36|39|49|52|45|42|37|33|30|31|29|26|31|32|33|33|38|41|41|38|34|33|35|47|46|40|38|30|32|47|50|34|27|26|30|29|33|26|16|18|16|17|15|12|24|32|43|35|30|24|29|37|39|28|20|8|21|23|30|43|43|41|42|48|47|38|24|25|19|16|22|31|25|16|24|22|20|18|23|24|23|21|21|17|15|19|21|21|11|3|10|18|14|10|6|1|6|8|6|7|13|17|13|11|8|7|17|24|26|24|23|21|16|17|13|9|8|7|3|3|6|5|5|1|0|0|0|0|4|16|12|15|9|11|10|7|2|2|0|3|4|5|1|0|0|0|0|0|0|0|0|0|0|0|0|0|0|0|0|0|0|0|0|0|0|1|5
ID|50|49|50|48|57|65|60|46|34|34|35|45|51|52|54|56|54|46|36|33|34|35|36|38|43|41|46|46|47|46|43|42|43|39|33|28|26|32|32|26|24|30|37|37|35|35|29|27|27|25|25|24|31|36|38|42|41|38|38|34|32|30|26|28|35|33|26|21|18|23|21|20|17|16|17|17|17|17|18|16|18|21|24|22|24|23|24|22|22|19|20|19|26|26|20|15|14|23|26|25|24|17|18|25|25|20|19|16|18|21|21|18|17|19|19|21|23|23|20|17|18|15|12|6|4|10|14|13|11|7|4|11|21|20|18|20|25|19|13|10|8|5|2|6|14|12|8|4|2|1|0|3|4|1|1|4|1|0|1|7|12|11|12|12|8|6|4|3|1|0|0|0|2|2|1|0
IL|36|33|28|50|54|60|56|54|43|27|29|37|43|39|37|30|28|29|29|24|16|23|27|27|26|33|37|38|38|38|33|30|44|43|42|35|26|23|36|46|36|24|24|31|26|32|28|17|14|14|12|9|8|16|19|38|31|24|16|18|33|37|29|20|13|14|19|25|34|39|38|39|41|42|36|26|25|24|19|20|31|26|9|17|14|15|18|20|20|24|19|18|14|13|19|20|20|13|5|1|15|15|11|5|0|1|6|6|4|5|16|14|11|8|3|0|16|16|17|15|14|17|19|17|13|13|15|13|11|7|6|6|2|1|0|0|0|0|14|7|7|5|6|8|4|2|0|0|0|1|3|1|0|0|0|0|0|1|0|0|0|0|0|0|0|0|0|0|0|0|0|0|0|0|0|2
IN|32|27|22|41|49|58|57|54|42|27|21|20|36|36|34|23|19|28|25|20|11|16|22|25|20|30|35|37|38|37|33|28|39|41|41|32|24|17|30|44|34|20|17|29|25|30|30|17|13|12|14|12|8|7|5|31|32|25|14|12|30|35|30|19|15|11|17|20|30|37|38|38|41|41|36|31|26|24|19|17|32|25|10|3|7|10|15|15|11|16|18|15|10|10|14|23|21|18|7|1|8|13|9|4|0|0|5|4|0|0|12|15|12|8|3|0|5|12|8|4|8|14|18|18|15|16|17|17|12|3|6|6|5|1|0|0|0|0|4|2|1|6|3|5|5|2|0|0|0|1|1|1|0|0|0|0|0|1|2|0|0|0|0|0|0|0|0|0|0|0|0|0|0|0|0|1
KS|29|24|34|47|52|54|50|42|30|22|17|43|43|37|34|28|25|24|25|19|21|23|26|21|31|34|31|28|22|17|23|28|39|38|26|25|19|20|38|35|16|8|18|25|22|23|14|10|11|11|9|9|7|9|29|34|28|20|14|22|25|20|14|9|0|17|15|12|30|31|31|33|34|29|14|9|11|0|1|9|15|3|2|18|17|15|15|13|18|19|18|14|9|17|14|16|13|4|0|7|13|8|3|0|0|2|3|0|0|3|12|11|12|6|5|17|17|12|19|20|14|11|12|10|6|0|0|0|0|0|1|3|3|0|0|0|0|1|3|8|7|7|6|8|2|0|0|0|0|0|0|0|0|0|0|0|0|0|0|0|0|0|0|0|0|0|0|0|0|0|0|0|0|0|0|0
KY|23|14|11|30|39|47|51|49|39|26|13|6|25|22|24|14|11|20|18|11|9|12|16|22|17|26|31|29|32|30|22|21|30|35|37|26|19|13|14|34|26|15|4|26|25|23|26|16|17|12|11|9|6|4|1|20|28|22|11|5|24|29|24|18|14|9|15|11|21|31|31|28|34|38|34|28|18|22|14|12|21|18|8|0|3|4|8|6|1|11|17|9|6|2|1|16|17|15|8|1|0|4|2|0|0|0|0|0|0|0|1|12|13|6|2|0|1|2|0|0|2|4|8|8|11|15|13|11|4|0|0|3|3|0|0|0|0|0|0|0|0|2|1|2|4|0|0|0|0|0|0|0|0|0|0|0|0|2|2|0|0|0|0|0|0|0|0|0|0|0|0|0|0|0|0|0
LA|2|1|3|11|15|24|34|31|22|7|1|0|0|1|2|0|2|2|1|0|1|2|7|8|3|12|20|17|14|10|6|3|3|12|16|7|1|0|0|8|7|0|0|1|2|10|14|14|5|0|0|1|1|0|0|7|10|2|0|0|7|10|9|6|0|0|3|0|0|2|11|11|15|16|12|4|0|0|0|0|0|0|0|0|0|0|0|0|0|0|0|0|0|0|0|4|5|3|1|0|0|0|0|0|0|0|0|0|0|0|0|0|2|1|0|0|1|0|0|0|0|0|0|2|2|1|0|0|0|0|0|0|0|0|0|0|0|0|0|0|0|0|0|0|0|0|0|0|0|0|0|0|0|0|0|0|0|0|0|0|0|0|0|0|0|0|0|0|0|0|0|0|0|0|0|0
MA|29|35|30|24|36|38|45|50|54|41|27|17|20|42|37|38|34|31|27|30|22|24|30|27|27|23|26|29|30|38|43|35|35|40|41|34|33|33|25|33|49|44|39|37|39|36|34|35|30|20|27|33|23|17|12|9|25|27|23|15|17|36|49|45|39|31|18|22|32|49|49|43|37|42|39|35|38|32|26|25|31|38|34|27|32|28|27|23|26|29|30|21|21|26|23|22|19|23|17|9|3|8|17|17|15|1|2|17|22|14|19|20|15|12|17|12|7|0|0|11|14|8|12|15|16|7|9|18|21|16|13|15|16|18|13|3|0|0|0|5|11|13|6|5|12|11|6|5|13|10|4|2|6|9|7|10|13|6|5|2|0|0|0|0|0|4|2|0|0|0|0|0|0|0|0|0
MD|23|26|22|17|35|36|42|48|47|38|24|10|13|30|28|29|24|17|20|26|21|18|19|24|17|17|25|26|28|32|28|26|24|33|36|28|22|14|6|27|36|25|20|26|29|24|31|29|18|9|13|20|15|6|4|3|25|24|15|5|16|28|35|36|28|14|10|8|20|36|35|34|33|40|35|29|23|23|23|15|20|30|21|5|17|8|7|8|20|18|15|14|11|1|3|10|19|16|13|5|0|0|6|7|4|0|0|5|10|0|0|6|13|12|10|4|0|0|0|0|0|0|5|9|2|7|12|13|13|7|12|12|12|5|3|1|0|0|0|0|3|2|4|4|1|0|1|0|0|1|0|0|0|0|0|0|0|4|3|0|0|0|0|0|0|0|0|0|0|0|0|0|0|0|0|0
ME|38|41|41|36|39|43|56|57|61|47|36|25|27|54|49|45|42|43|37|34|31|32|36|35|33|31|32|34|34|39|49|49|46|49|51|44|44|49|38|46|58|60|52|47|46|47|44|38|37|29|32|39|31|27|23|22|27|33|31|27|24|44|57|49|44|41|29|30|43|60|56|48|44|39|41|44|41|39|32|31|36|46|43|34|37|38|32|29|29|31|33|26|27|32|31|27|22|25|21|13|11|16|22|22|18|9|15|26|27|24|26|28|19|19|22|18|12|9|5|19|23|19|15|17|19|14|10|18|21|20|18|11|15|20|16|9|4|0|0|11|13|13|8|8|12|15|11|11|15|12|11|5|9|11|9|11|11|6|1|8|4|0|0|0|5|8|11|5|0|0|0|0|0|3|0|0
MI|34|33|30|40|51|56|56|53|45|32|28|32|44|41|41|40|31|29|29|29|21|23|26|28|28|30|34|37|39|44|39|35|44|48|45|39|35|29|35|46|41|31|29|30|28|35|38|28|17|19|22|18|15|14|19|29|34|28|22|19|38|43|43|34|21|14|22|30|39|45|43|44|47|43|38|37|32|26|24|25|38|33|17|24|20|17|21|24|28|27|21|20|18|16|25|27|23|20|10|3|14|17|19|14|3|3|13|13|7|11|17|17|15|12|8|2|2|14|17|18|11|20|18|20|18|17|20|22|19|13|11|11|9|8|9|1|0|1|15|12|4|6|5|5|7|4|1|1|1|4|6|5|2|1|0|2|3|3|2|0|0|0|0|0|0|0|0|0|0|0|1|1|0|0|1|4
MN|45|42|43|70|73|72|69|65|56|47|61|63|71|60|52|48|42|38|32|32|30|30|32|34|37|39|42|43|43|43|37|49|58|55|49|49|46|45|61|58|42|34|34|32|33|42|37|24|23|23|22|22|24|34|43|45|43|39|36|37|47|49|39|24|16|32|41|45|58|55|53|49|51|48|38|33|33|26|23|36|40|34|28|27|27|22|20|25|24|22|20|22|19|17|23|24|23|13|12|23|25|21|19|12|8|13|20|19|21|22|18|15|19|16|17|29|34|27|24|23|26|17|15|12|8|13|12|10|9|9|13|9|5|3|4|3|7|13|18|20|20|14|14|13|9|3|5|5|10|12|7|5|0|0|0|0|1|0|0|0|0|1|0|0|0|0|0|0|2|2|3|2|0|4|8|8
MO|32|28|25|46|49|57|52|49|35|22|18|32|39|37|32|23|26|25|23|17|14|20|26|24|26|34|33|30|28|23|24|25|36|37|36|27|19|15|33|40|22|11|17|27|25|26|18|11|11|8|6|6|5|9|16|33|30|20|10|18|26|29|17|14|4|16|14|13|28|34|31|32|36|38|27|12|14|13|4|11|20|9|6|10|13|13|12|9|13|18|15|10|9|10|14|16|16|7|0|1|10|7|2|0|0|0|3|1|0|1|14|14|10|7|3|10|13|13|11|8|15|10|15|12|8|4|4|0|0|0|0|1|1|0|0|0|0|0|2|1|6|5|5|8|4|0|0|0|0|0|0|0|0|0|0|0|0|0|0|0|0|0|0|0|0|0|0|0|0|0|0|0|0|0|0|0
MS|7|2|3|16|23|30|39|38|28|13|1|0|2|3|4|2|2|4|3|1|1|5|10|13|9|15|24|21|19|15|8|5|9|17|22|15|4|1|0|17|12|3|0|6|9|12|17|15|9|2|1|2|3|1|0|11|15|10|0|0|11|15|13|10|1|1|7|4|3|13|16|19|22|24|21|8|2|4|0|0|1|1|0|0|0|0|0|0|0|2|1|0|0|0|0|7|9|7|3|1|0|0|0|0|0|0|0|0|0|0|0|0|6|3|0|0|1|0|0|0|1|0|0|4|6|3|1|0|0|0|0|0|0|0|0|0|0|0|0|0|0|0|0|0|0|0|0|0|0|0|0|0|0|0|0|0|0|0|0|0|0|0|0|0|0|0|0|0|0|0|0|0|0|0|0|0
MT|51|58|64|65|66|61|59|54|45|48|58|58|57|55|52|50|45|36|32|31|40|39|41|44|45|43|42|38|33|31|38|49|57|56|49|39|42|51|51|38|29|31|35|33|32|29|25|23|26|25|26|25|30|36|39|42|42|42|41|37|33|26|24|28|37|37|34|38|36|35|33|29|24|18|18|25|19|19|27|27|20|22|23|24|22|23|23|22|21|20|21|22|29|27|24|17|16|19|27|28|25|22|15|21|24|24|24|18|18|21|24|18|19|20|24|23|24|24|21|20|19|20|16|9|5|5|11|15|14|10|6|6|18|20|18|19|23|18|17|15|11|10|7|9|15|13|9|7|7|4|1|3|3|3|2|4|5|0|0|4|11|11|7|13|8|8|6|6|6|1|0|0|7|9|6|2
NC|22|16|13|12|28|28|36|45|44|34|22|9|5|15|14|16|11|5|16|14|12|10|11|15|12|10|24|26|25|27|18|13|14|20|31|23|17|10|6|14|27|12|1|13|19|17|23|16|13|10|10|12|10|4|3|2|19|18|8|2|13|23|26|24|18|10|5|10|10|23|25|28|24|33|30|26|15|17|18|5|9|21|14|7|4|1|1|2|6|1|4|8|6|0|3|5|13|15|10|6|1|0|0|1|0|0|0|1|3|0|0|0|10|9|4|0|0|0|0|0|0|1|1|1|1|7|9|8|7|0|0|4|3|1|0|0|0|0|0|0|0|0|0|0|1|0|0|0|0|0|0|0|0|0|0|0|0|0|1|0|0|0|0|0|0|0|0|0|0|0|0|0|0|0|0|0
ND|48|53|66|75|74|71|74|70|64|62|67|70|72|64|56|53|48|41|38|39|36|37|37|41|45|48|44|38|36|34|36|59|61|58|55|58|58|62|70|57|44|36|37|35|35|36|30|27|29|27|25|26|32|38|45|44|49|49|48|48|52|44|33|27|29|44|48|54|63|60|57|59|52|41|34|32|34|26|26|43|37|31|30|28|23|23|23|19|20|22|18|18|21|22|25|24|15|12|22|31|25|20|17|9|14|22|30|26|25|19|18|18|30|30|32|31|29|25|21|18|18|16|13|10|4|4|3|7|11|14|11|7|3|3|4|8|15|18|18|16|16|15|12|11|9|8|5|8|11|12|7|0|0|0|0|0|0|1|0|0|0|0|1|1|2|1|1|4|4|3|4|0|2|6|12|10
NE|36|35|47|56|59|61|58|48|39|35|38|52|49|41|39|35|35|28|29|27|24|30|33|34|38|40|39|35|28|23|28|36|45|43|30|35|30|35|48|42|22|21|25|28|26|24|16|14|18|13|11|12|12|28|38|42|36|29|30|29|32|27|19|14|4|23|23|26|41|39|33|41|40|31|17|15|20|6|11|20|23|11|14|25|22|18|22|23|24|20|22|17|15|17|16|20|16|7|5|20|20|14|6|3|1|8|8|4|6|11|17|14|11|7|19|25|22|26|24|27|19|16|13|11|7|2|0|0|1|6|6|6|3|0|0|0|3|11|15|18|12|8|13|10|4|1|1|1|3|3|3|0|0|0|0|0|0|0|0|0|0|0|0|0|0|0|0|0|0|0|0|0|0|0|2|3
NH|36|41|38|29|40|42|53|54|57|45|33|23|25|48|44|42|39|38|31|34|27|30|34|33|31|26|30|31|33|41|48|42|40|44|44|39|40|41|33|40|56|53|48|42|42|40|38|38|31|25|30|37|27|19|18|15|29|29|26|20|23|41|55|49|42|37|22|27|36|57|53|48|45|45|43|40|43|37|31|29|38|42|39|32|37|34|29|27|27|32|32|24|24|30|26|27|23|26|20|10|4|11|19|21|16|4|6|20|22|16|22|23|15|12|21|15|8|0|0|18|19|12|14|16|19|10|9|20|24|18|14|13|17|21|15|6|0|0|0|7|11|14|7|5|12|12|7|6|13|13|5|4|10|11|7|11|14|5|2|2|0|0|0|0|0|4|6|1|0|0|0|0|0|0|0|0
NJ|25|30|26|19|36|36|43|47|50|40|28|13|16|35|34|34|32|25|24|28|23|20|23|27|22|19|25|30|29|33|35|29|29|37|38|33|25|25|13|31|40|28|29|30|32|27|32|32|21|15|19|27|20|12|8|6|26|26|17|9|17|31|39|40|34|22|14|11|27|42|41|39|38|42|36|31|32|26|25|20|27|34|26|14|24|17|18|14|24|25|22|16|14|12|10|16|19|18|16|7|0|2|11|13|12|0|1|10|15|6|12|13|13|15|14|8|1|0|0|3|2|1|7|14|10|5|13|16|15|11|14|14|15|9|6|2|0|0|0|3|8|9|5|4|6|1|2|1|7|8|0|0|2|4|5|1|6|7|7|1|0|0|0|0|0|0|1|0|0|0|0|0|0|0|0|0
NM|24|26|25|21|21|34|39|27|19|16|15|20|23|21|24|25|25|25|25|25|25|28|21|25|33|37|38|33|28|25|21|19|24|23|20|18|18|16|12|13|9|7|16|28|25|24|22|19|16|19|17|13|10|14|25|27|24|20|15|24|24|22|15|12|11|20|14|10|9|9|12|12|7|7|5|5|4|3|3|3|3|6|12|12|12|12|13|16|12|9|21|18|12|16|19|13|7|4|7|13|9|5|6|2|4|5|3|2|2|4|4|10|8|3|5|11|6|11|22|17|10|5|4|6|2|1|1|1|4|11|7|4|1|1|2|7|7|7|10|10|4|3|4|2|0|1|2|2|2|2|2|1|1|0|0|0|0|0|0|0|0|0|0|1|1|0|0|0|0|0|0|0|0|0|0|0
NV|24|24|23|22|22|35|33|22|17|17|16|20|21|22|22|24|25|25|23|25|22|24|24|28|30|29|29|27|23|20|20|19|17|15|14|16|15|10|10|8|9|14|17|14|13|13|13|16|16|16|14|12|15|24|27|27|24|24|22|21|17|15|12|14|24|19|13|7|6|4|4|4|3|4|3|3|4|4|3|4|7|12|11|11|11|11|11|8|8|15|9|6|9|12|8|4|4|7|14|12|8|4|5|10|7|4|4|4|5|5|5|4|4|4|5|4|5|9|8|5|3|2|2|0|1|3|8|5|4|3|2|3|5|5|6|8|7|8|5|2|1|1|0|0|2|2|2|1|0|0|1|1|0|0|0|1|0|0|1|2|3|4|5|3|2|1|0|0|0|0|0|0|0|0|0|0
NY|29|35|30|24|39|42|47|50|52|40|28|17|23|41|37|37|33|29|27|28|22|21|26|30|27|23|28|32|32|39|42|35|34|41|41|36|32|31|22|38|45|35|35|35|36|33|36|35|27|21|26|31|22|16|12|11|29|27|21|13|23|37|46|45|37|26|18|20|32|48|47|45|42|45|39|35|37|31|29|25|33|38|31|23|28|23|22|20|27|29|27|19|19|19|17|21|23|22|17|9|4|9|16|17|15|1|5|15|19|12|14|16|14|15|15|8|4|1|2|11|7|5|11|17|15|9|16|20|19|17|15|13|16|12|9|5|0|0|1|6|9|10|6|4|9|5|4|3|8|8|2|3|8|7|8|6|10|6|6|2|0|0|0|0|0|1|2|0|0|0|0|0|0|0|0|0
OH|30|24|19|31|46|56|56|53|44|29|20|12|34|34|35|28|17|26|25|19|14|13|18|25|21|27|34|35|36|37|33|29|35|42|42|31|26|17|23|40|37|22|17|29|26|30|35|23|14|15|18|13|11|5|2|19|32|27|17|12|30|36|38|26|19|11|18|20|31|41|39|36|41|42|36|35|28|27|25|18|34|28|12|4|7|8|13|17|12|14|22|18|11|9|10|16|24|21|10|1|4|11|12|6|0|0|5|7|1|0|7|16|14|9|4|0|0|9|6|1|1|13|15|14|14|16|17|19|17|7|7|9|8|3|6|1|0|0|1|2|0|5|4|4|4|2|0|0|0|0|0|2|1|0|0|0|1|6|4|1|0|0|0|0|0|0|0|0|0|0|0|0|0|0|0|0
OK|21|13|22|37|41|48|46|39|25|12|7|23|33|32|24|20|22|21|16|10|15|16|20|11|23|30|28|25|17|13|14|17|29|30|26|19|8|4|21|27|12|0|9|17|23|20|16|13|10|6|6|6|5|1|18|28|22|12|4|13|19|16|14|10|0|12|11|3|13|19|25|23|26|22|12|2|1|0|0|0|5|0|1|11|7|9|7|6|12|11|7|8|3|5|10|12|8|1|0|0|6|2|0|0|0|0|0|0|0|0|5|12|9|6|1|10|11|4|6|14|8|3|8|7|5|0|0|0|0|0|0|0|0|0|0|0|0|0|0|1|3|3|3|4|0|0|0|0|0|0|0|0|0|0|0|0|0|0|0|0|0|0|0|0|0|0|0|0|0|0|0|0|0|0|0|0
OR|35|36|39|40|42|42|40|33|32|31|33|36|38|37|34|31|28|24|24|26|27|26|27|29|31|26|26|26|25|24|26|31|31|29|26|22|29|30|25|20|23|26|26|22|21|19|19|21|24|25|24|25|29|31|34|30|32|32|29|25|25|24|27|31|31|28|23|19|14|20|15|17|13|15|21|22|19|20|22|17|21|22|23|22|24|22|19|20|23|20|19|20|22|20|15|14|19|25|24|24|23|20|23|24|21|19|19|15|18|20|15|17|19|21|21|20|22|20|17|16|19|13|2|1|13|19|17|13|9|7|15|21|22|19|18|20|19|12|8|7|3|0|0|12|11|6|1|1|3|9|5|7|4|8|9|7|5|3|10|14|17|14|16|14|12|13|8|4|0|0|0|4|2|0|0|0
PA|28|30|26|23|40|43|48|50|49|40|28|16|24|36|35|36|30|24|24|29|22|19|23|28|22|23|29|32|33|37|35|31|31|40|41|35|26|23|17|37|40|29|27|31|31|30|35|32|20|15|18|24|17|10|5|7|30|28|19|12|25|35|40|40|31|21|16|14|30|43|42|39|41|44|38|34|33|27|27|21|30|34|24|11|19|13|15|15|23|24|23|18|14|9|9|16|24|20|15|7|2|5|13|10|8|1|3|9|13|3|5|13|14|14|12|4|0|1|2|1|0|4|10|14|9|10|16|18|16|12|14|13|14|9|8|4|0|0|0|4|5|5|7|4|6|3|3|1|3|4|0|2|3|2|4|1|2|7|5|1|0|0|0|0|0|0|0|0|0|0|0|0|0|0|0|0
RI|26|33|26|22|34|37|43|48|52|39|23|15|18|40|34|36|31|28|25|29|20|21|27|26|26|23|25|28|29|36|41|33|33|38|39|32|30|30|22|30|46|39|37|34|37|33|32|34|29|18|24|30|22|17|11|10|25|26|22|15|15|34|46|43|38|28|16|18|31|47|46|42|33|41|37|32|33|30|23|22|29|37|32|23|30|25|25|21|25|28|28|19|20|24|22|20|18|22|16|11|4|6|15|16|15|1|1|14|23|13|18|19|14|14|15|10|7|0|0|8|11|5|9|15|13|7|10|17|20|15|14|15|16|16|12|2|0|0|0|4|10|12|4|5|11|11|5|5|13|10|5|1|6|8|6|9|12|6|8|1|0|0|0|0|0|4|2|0|0|0|0|0|0|0|0|0
SC|20|9|6|9|20|22|30|37|35|26|16|7|4|8|5|11|4|1|9|5|7|5|12|10|9|9|21|23|22|22|14|9|7|12|26|20|14|9|5|9|23|12|2|8|13|13|18|13|12|7|8|8|5|1|1|1|16|14|5|1|8|17|20|17|13|6|3|8|7|17|23|27|21|29|28|21|11|13|13|3|4|13|8|4|1|0|0|0|1|0|1|2|2|0|2|5|10|12|8|4|1|0|0|0|0|0|0|1|0|0|0|0|2|5|1|0|0|0|0|0|0|0|0|1|3|5|6|3|0|0|0|0|0|0|0|0|0|0|0|0|0|0|0|0|1|0|0|0|0|0|0|0|0|0|0|0|0|0|0|0|0|0|0|0|0|0|0|0|0|0|0|0|0|0|0|0
SD|45|44|58|66|67|61|62|54|48|48|58|57|56|51|47|45|43|36|33|31|33|35|37|38|42|45|45|37|31|29|34|45|52|52|43|44|39|48|56|46|31|28|31|29|30|27|21|21|21|17|16|14|20|36|41|43|40|35|38|38|40|34|25|18|15|29|32|39|50|48|43|50|45|33|23|24|25|13|20|31|28|23|22|25|24|20|21|20|23|21|19|16|20|19|22|23|14|7|13|29|22|19|15|9|10|16|17|15|20|18|18|15|11|12|29|30|27|27|24|23|20|18|15|12|6|4|0|2|9|8|10|4|1|2|2|3|9|16|19|21|16|15|14|12|8|6|6|4|9|9|8|1|0|0|0|0|0|0|0|0|0|0|0|1|1|0|0|1|2|1|0|0|0|4|8|6
TN|20|12|9|26|35|42|48|48|39|24|12|5|14|11|12|9|9|15|14|8|8|9|15|19|15|24|28|27|29|26|17|16|23|28|32|25|17|11|9|30|23|15|3|22|25|22|24|17|18|10|8|9|6|4|2|18|25|20|10|4|21|25|20|17|11|8|15|11|18|28|26|28|31|35|31|22|12|19|10|4|13|12|7|2|2|2|4|2|1|8|10|5|6|0|2|15|15|14|7|3|0|1|0|0|0|0|0|1|0|0|0|4|11|7|2|0|2|0|0|0|3|4|3|6|11|11|10|5|1|0|0|0|0|1|0|0|0|0|0|0|0|0|0|2|5|1|0|0|0|0|0|0|0|0|0|0|0|0|1|0|0|0|0|0|0|0|0|0|0|0|0|0|0|0|0|0
TX|5|3|8|21|20|33|36|30|14|3|1|1|8|11|8|5|9|10|7|4|4|6|8|4|7|18|20|18|14|9|6|3|11|16|14|4|1|1|2|10|5|0|1|5|10|14|13|8|1|1|2|2|1|0|4|14|10|2|1|3|11|10|10|3|0|2|3|0|1|2|12|9|10|9|2|0|0|0|0|0|0|0|1|2|0|1|1|1|1|0|1|2|1|1|4|5|2|0|0|0|0|0|0|0|0|0|0|0|0|0|0|3|4|1|0|0|1|0|1|4|1|0|0|2|1|0|0|0|0|0|0|0|0|0|0|0|0|0|0|0|0|0|0|0|0|0|0|0|0|0|0|0|0|0|0|0|0|0|0|0|0|0|0|0|0|0|0|0|0|0|0|0|0|0|0|0
UT|42|39|40|36|45|61|58|39|26|30|27|34|37|37|40|42|46|43|39|35|34|38|33|38|43|43|49|49|47|46|42|37|35|31|26|26|24|22|21|17|15|25|32|33|31|29|25|26|21|22|22|15|27|36|38|42|40|33|39|35|32|28|21|17|35|31|21|17|16|17|17|17|12|10|10|10|7|8|7|6|11|20|19|19|22|21|21|20|17|20|17|19|26|27|23|14|9|13|26|22|20|12|6|18|20|14|9|10|15|17|20|18|13|18|20|19|21|28|23|19|15|12|12|8|2|1|2|6|7|7|4|1|12|13|11|13|22|25|20|14|11|8|4|1|7|8|9|6|3|1|0|0|1|0|0|0|0|0|0|0|1|0|3|10|5|0|0|0|0|0|0|0|0|0|0|0
VA|22|22|19|15|33|33|43|50|49|39|24|10|10|25|23|23|18|12|21|22|18|17|17|21|15|14|27|27|28|32|25|23|22|31|35|27|19|10|5|22|35|19|8|22|27|22|29|24|15|10|11|17|14|5|4|4|24|23|13|4|16|28|31|31|25|13|9|9|17|31|30|31|30|38|34|29|20|22|22|14|18|28|17|5|8|3|3|5|15|12|10|13|11|2|4|6|18|17|12|5|0|1|4|5|1|0|1|4|9|0|0|3|13|13|8|1|0|0|0|0|0|1|4|8|2|9|12|13|13|5|6|12|9|3|2|1|0|0|0|0|2|0|4|4|2|1|0|0|0|0|0|0|0|0|0|0|0|2|4|0|0|0|0|0|0|0|0|0|0|0|0|0|0|0|0|0
VT|39|40|38|30|43|46|54|58|60|46|33|22|31|51|46|43|40|38|31|32|28|30|33|34|35|30|33|35|35|44|51|46|42|45|46|41|44|41|32|47|59|51|47|44|44|41|40|41|35|29|33|38|29|18|22|16|34|31|27|18|28|46|58|53|45|36|23|31|39|61|57|52|51|48|45|43|44|41|35|34|43|45|41|33|39|34|25|29|30|33|31|24|26|29|24|26|25|28|22|10|6|14|19|22|17|6|12|21|22|18|20|20|16|17|20|13|5|0|3|22|14|11|17|18|20|11|14|24|24|21|16|12|14|19|13|7|0|0|0|12|12|15|8|5|9|12|7|4|9|10|3|7|14|12|9|11|13|6|3|2|0|0|0|0|4|5|6|0|0|0|0|1|1|0|0|1
WA|36|38|42|41|43|41|41|36|32|34|39|42|43|39|36|34|29|24|25|27|26|27|28|32|30|27|27|27|27|28|29|35|34|35|30|31|33|35|35|26|24|27|28|26|25|22|19|21|26|25|25|25|27|30|30|32|31|32|30|26|25|23|27|29|29|30|28|26|20|22|19|19|16|17|21|25|21|25|24|20|19|20|21|21|23|20|21|18|19|20|18|20|22|19|18|15|16|21|21|21|20|19|18|21|19|17|16|14|17|17|14|14|17|18|17|16|19|18|18|17|20|15|7|2|10|17|15|14|11|8|11|17|18|17|19|19|16|11|8|6|3|0|1|12|10|5|1|0|2|9|5|7|5|8|9|9|4|1|8|11|12|9|10|10|11|12|8|9|6|2|2|6|5|2|0|0
WI|39|36|33|58|63|65|62|58|49|36|45|49|57|50|47|44|36|31|31|30|25|27|28|30|31|35|39|41|41|48|41|39|54|53|48|42|38|37|44|53|41|33|29|32|30|38|36|24|20|19|20|15|14|23|33|43|36|33|29|31|41|47|41|28|18|20|28|34|45|48|45|44|48|45|39|34|29|28|23|27|38|33|22|27|25|23|20|27|28|23|20|22|21|15|23|22|22|15|8|7|24|21|20|15|6|5|15|13|14|17|17|16|13|13|8|8|23|23|24|24|20|20|19|16|15|15|18|18|17|10|9|8|4|7|4|0|0|4|20|17|13|9|10|12|6|5|3|2|5|8|5|5|0|0|0|0|1|2|0|0|0|0|0|0|0|0|0|0|0|1|2|1|0|0|2|6
WV|28|21|17|23|40|46|51|53|47|35|21|13|22|27|26|21|16|20|21|17|15|16|18|25|17|25|34|31|32|35|30|27|30|38|40|33|21|15|12|35|35|24|12|28|28|28|32|22|18|19|14|13|14|8|4|13|29|27|18|13|26|33|36|27|25|15|17|15|27|37|36|30|35|43|38|36|27|26|23|21|26|25|15|6|7|5|7|9|10|12|19|14|12|7|6|14|26|20|12|6|2|5|8|4|2|1|2|5|6|0|0|13|14|14|8|0|0|0|0|0|0|5|11|10|4|15|15|17|17|7|5|10|7|4|4|1|0|0|0|0|0|0|7|5|5|1|1|0|0|0|0|0|1|1|0|1|1|7|4|1|0|0|0|0|0|0|0|0|0|0|0|0|0|0|0|0
WY|45|51|59|59|67|69|61|46|33|36|45|51|49|47|48|48|47|42|38|38|41|40|39|45|50|50|53|46|38|33|35|45|52|50|40|31|29|36|41|30|21|26|37|36|35|30|25|24|22|22|24|20|27|38|45|49|48|43|44|42|39|31|26|24|34|36|28|26|26|27|25|29|21|16|15|20|13|13|17|21|17|20|21|21|23|22|25|22|20|25|24|25|29|31|28|20|14|15|25|27|23|18|11|15|21|21|17|18|19|21|26|21|15|19|26|26|27|31|31|25|23|20|19|13|8|4|4|13|12|14|11|6|6|12|10|13|18|28|27|21|18|18|15|8|13|18|15|12|12|9|5|2|4|4|1|0|2|0|0|1|3|4|2|12|7|4|2|5|5|2|0|0|1|9|7|4
